{'pass@1': np.float64(0.09395973154362416)}

Easy: 8/45 = 0.17777777777777778
Medium: 6/75 = 0.08
Hard: 0/29 = 0.0