{'pass@1': np.float64(0.738255033557047)}

Easy: 38/45 = 0.8444444444444444
Medium: 58/75 = 0.7733333333333333
Hard: 14/29 = 0.4827586206896552