{'pass@1': np.float64(0.03355704697986577)}

Easy: 5/45 = 0.1111111111111111
Medium: 0/75 = 0.0
Hard: 0/29 = 0.0