{'pass@1': np.float64(0.11409395973154363)}

Easy: 10/45 = 0.2222222222222222
Medium: 7/75 = 0.09333333333333334
Hard: 0/29 = 0.0