{'pass@1': np.float64(0.026845637583892617)}

Easy: 4/45 = 0.08888888888888889
Medium: 0/75 = 0.0
Hard: 0/29 = 0.0