{'pass@1': np.float64(0.087248322147651)}

Easy: 10/45 = 0.2222222222222222
Medium: 3/75 = 0.04
Hard: 0/29 = 0.0