{'pass@1': np.float64(0.174496644295302)}

Easy: 14/45 = 0.3111111111111111
Medium: 11/75 = 0.14666666666666667
Hard: 1/29 = 0.034482758620689655