{'pass@1': np.float64(0.06711409395973154)}

Easy: 7/45 = 0.15555555555555556
Medium: 3/75 = 0.04
Hard: 0/29 = 0.0