{'pass@1': np.float64(0.03355704697986577)}

Easy: 4/45 = 0.08888888888888889
Medium: 1/75 = 0.013333333333333334
Hard: 0/29 = 0.0