{'pass@1': np.float64(0.8791946308724832)}

Easy: 41/45 = 0.9111111111111111
Medium: 67/75 = 0.8933333333333333
Hard: 23/29 = 0.7931034482758621