{'pass@1': np.float64(0.7181208053691275)}

Easy: 40/45 = 0.8888888888888888
Medium: 54/75 = 0.72
Hard: 13/29 = 0.4482758620689655