{'pass@1': np.float64(0.30201342281879195)}

Easy: 18/45 = 0.4
Medium: 24/75 = 0.32
Hard: 3/29 = 0.10344827586206896